x-axis,1,2
second,Volt,Volt
+0.0E+00,+1.8437500000E+00,+1.8437500000E+00
+500.0E-09,+1.8437500000E+00,+1.8125000000E+00
+1.0000E-06,+1.8437500000E+00,+1.8437500000E+00
+1.5000E-06,+1.8125000000E+00,+1.8125000000E+00
+2.0000E-06,+1.8125000000E+00,+1.8437500000E+00
+2.5000E-06,+1.7812500000E+00,+1.8437500000E+00
+3.0000E-06,+1.7812500000E+00,+1.8437500000E+00
+3.5000E-06,+1.7812500000E+00,+1.7812500000E+00
+4.0000E-06,+1.7812500000E+00,+1.8750000000E+00
+4.5000E-06,+1.8437500000E+00,+1.7812500000E+00
+5.0000E-06,+1.8437500000E+00,+1.8437500000E+00
+5.5000E-06,+1.8125000000E+00,+1.7812500000E+00
+6.0000E-06,+1.7812500000E+00,-62.5000000E-03
+6.5000E-06,+1.7812500000E+00,-31.2500000E-03
+7.0000E-06,+1.8125000000E+00,-31.2500000E-03
+7.5000E-06,+1.7812500000E+00,-62.5000000E-03
+8.0000E-06,+1.8125000000E+00,-31.2500000E-03
+8.5000E-06,-218.7500000E-03,-31.2500000E-03
+9.0000E-06,-187.5000000E-03,-31.2500000E-03
+9.5000E-06,-218.7500000E-03,-31.2500000E-03
+10.0000E-06,-187.5000000E-03,-31.2500000E-03
+10.5000E-06,-218.7500000E-03,-31.2500000E-03
+11.0000E-06,-156.2500000E-03,-31.2500000E-03
+11.5000E-06,-187.5000000E-03,-31.2500000E-03
+12.0000E-06,-218.7500000E-03,-62.5000000E-03
+12.5000E-06,-187.5000000E-03,-31.2500000E-03
+13.0000E-06,-218.7500000E-03,-31.2500000E-03
+13.5000E-06,-187.5000000E-03,-31.2500000E-03
+14.0000E-06,-156.2500000E-03,-31.2500000E-03
+14.5000E-06,-187.5000000E-03,-0.0E+00
+15.0000E-06,-218.7500000E-03,-31.2500000E-03
+15.5000E-06,-156.2500000E-03,-62.5000000E-03
+16.0000E-06,-187.5000000E-03,+0.0E+00
+16.5000E-06,-156.2500000E-03,-31.2500000E-03
+17.0000E-06,-156.2500000E-03,-31.2500000E-03
+17.5000E-06,-156.2500000E-03,-31.2500000E-03
+18.0000E-06,-187.5000000E-03,-31.2500000E-03
+18.5000E-06,-156.2500000E-03,-31.2500000E-03
+19.0000E-06,-156.2500000E-03,-31.2500000E-03
+19.5000E-06,-187.5000000E-03,-31.2500000E-03
+20.0000E-06,-156.2500000E-03,-31.2500000E-03
+20.5000E-06,-156.2500000E-03,-0.0E+00
+21.0000E-06,-125.0000000E-03,-31.2500000E-03
+21.5000E-06,-156.2500000E-03,-0.0E+00
+22.0000E-06,-218.7500000E-03,-31.2500000E-03
+22.5000E-06,-156.2500000E-03,-31.2500000E-03
+23.0000E-06,-156.2500000E-03,-31.2500000E-03
+23.5000E-06,-156.2500000E-03,-31.2500000E-03
+24.0000E-06,-125.0000000E-03,-31.2500000E-03
+24.5000E-06,-156.2500000E-03,-31.2500000E-03
+25.0000E-06,-187.5000000E-03,-0.0E+00
+25.5000E-06,-156.2500000E-03,-31.2500000E-03
+26.0000E-06,-218.7500000E-03,-31.2500000E-03
+26.5000E-06,-187.5000000E-03,-0.0E+00
+27.0000E-06,-125.0000000E-03,-31.2500000E-03
+27.5000E-06,-187.5000000E-03,-0.0E+00
+28.0000E-06,-156.2500000E-03,-31.2500000E-03
+28.5000E-06,+1.8437500000E+00,-0.0E+00
+29.0000E-06,+1.8750000000E+00,-31.2500000E-03
+29.5000E-06,+1.8750000000E+00,-0.0E+00
+30.0000E-06,+1.8750000000E+00,+0.0E+00
+30.5000E-06,+1.8750000000E+00,-31.2500000E-03
+31.0000E-06,+1.8437500000E+00,+1.8750000000E+00
+31.5000E-06,+1.8125000000E+00,+1.8437500000E+00
+32.0000E-06,+1.8750000000E+00,+1.8750000000E+00
+32.5000E-06,+1.8437500000E+00,+1.8437500000E+00
+33.0000E-06,+1.8750000000E+00,+1.8437500000E+00
+33.5000E-06,+1.8437500000E+00,+1.8125000000E+00
+34.0000E-06,+1.8437500000E+00,+1.8437500000E+00
+34.5000E-06,+1.8125000000E+00,+1.7812500000E+00
+35.0000E-06,+1.8437500000E+00,+1.8750000000E+00
+35.5000E-06,+1.8437500000E+00,+1.8437500000E+00
+36.0000E-06,+1.8750000000E+00,+1.8437500000E+00
+36.5000E-06,+1.8437500000E+00,+1.8437500000E+00
+37.0000E-06,+1.8437500000E+00,+1.8437500000E+00
+37.5000E-06,+1.8437500000E+00,+1.8437500000E+00
+38.0000E-06,+1.8125000000E+00,+1.8437500000E+00
+38.5000E-06,+1.8437500000E+00,+1.8125000000E+00
+39.0000E-06,+1.8125000000E+00,+1.8437500000E+00
+39.5000E-06,+1.8125000000E+00,+1.8125000000E+00
+40.0000E-06,+1.8437500000E+00,+1.8125000000E+00
+40.5000E-06,+1.8125000000E+00,+1.8125000000E+00
+41.0000E-06,+1.8437500000E+00,+1.8125000000E+00
+41.5000E-06,+1.8125000000E+00,+1.8437500000E+00
+42.0000E-06,+1.8125000000E+00,+1.8437500000E+00
+42.5000E-06,+1.8437500000E+00,+1.8125000000E+00
+43.0000E-06,+1.8437500000E+00,+1.8125000000E+00
+43.5000E-06,+1.8125000000E+00,+1.8125000000E+00
+44.0000E-06,+1.8750000000E+00,+1.8125000000E+00
+44.5000E-06,+1.8125000000E+00,+1.8125000000E+00
+45.0000E-06,+1.8125000000E+00,+1.8437500000E+00
+45.5000E-06,+1.8125000000E+00,+1.8125000000E+00
+46.0000E-06,+1.8125000000E+00,+1.8437500000E+00
+46.5000E-06,+1.8437500000E+00,+1.7812500000E+00
+47.0000E-06,+1.8125000000E+00,+1.8125000000E+00
+47.5000E-06,+1.7812500000E+00,+1.8437500000E+00
+48.0000E-06,+1.8750000000E+00,+1.8125000000E+00
+48.5000E-06,-187.5000000E-03,+1.8125000000E+00
+49.0000E-06,-156.2500000E-03,+1.8437500000E+00
+49.5000E-06,-156.2500000E-03,+1.8125000000E+00
+50.0000E-06,-156.2500000E-03,+1.8437500000E+00
+50.5000E-06,-156.2500000E-03,-62.5000000E-03
+51.0000E-06,-156.2500000E-03,-31.2500000E-03
+51.5000E-06,-187.5000000E-03,-62.5000000E-03
+52.0000E-06,-125.0000000E-03,-31.2500000E-03
+52.5000E-06,-156.2500000E-03,-31.2500000E-03
+53.0000E-06,-125.0000000E-03,-0.0E+00
+53.5000E-06,-156.2500000E-03,+0.0E+00
+54.0000E-06,-125.0000000E-03,+0.0E+00
+54.5000E-06,-156.2500000E-03,+0.0E+00
+55.0000E-06,-156.2500000E-03,-31.2500000E-03
+55.5000E-06,-187.5000000E-03,-31.2500000E-03
+56.0000E-06,-125.0000000E-03,-0.0E+00
+56.5000E-06,-125.0000000E-03,-31.2500000E-03
+57.0000E-06,-125.0000000E-03,-0.0E+00
+57.5000E-06,-125.0000000E-03,+0.0E+00
+58.0000E-06,-156.2500000E-03,-31.2500000E-03
+58.5000E-06,-156.2500000E-03,+31.2500000E-03
+59.0000E-06,-125.0000000E-03,-31.2500000E-03
+59.5000E-06,-125.0000000E-03,-0.0E+00
+60.0000E-06,-125.0000000E-03,-31.2500000E-03
+60.5000E-06,-125.0000000E-03,-31.2500000E-03
+61.0000E-06,-125.0000000E-03,-31.2500000E-03
+61.5000E-06,-187.5000000E-03,-0.0E+00
+62.0000E-06,-125.0000000E-03,-31.2500000E-03
+62.5000E-06,-125.0000000E-03,-0.0E+00
+63.0000E-06,-156.2500000E-03,-31.2500000E-03
+63.5000E-06,-156.2500000E-03,-31.2500000E-03
+64.0000E-06,-125.0000000E-03,-31.2500000E-03
+64.5000E-06,-156.2500000E-03,-31.2500000E-03
+65.0000E-06,-125.0000000E-03,-0.0E+00
+65.5000E-06,-125.0000000E-03,-31.2500000E-03
+66.0000E-06,-125.0000000E-03,-0.0E+00
+66.5000E-06,-156.2500000E-03,-93.7500000E-03
+67.0000E-06,-156.2500000E-03,-0.0E+00
+67.5000E-06,-125.0000000E-03,-31.2500000E-03
+68.0000E-06,-93.7500000E-03,-0.0E+00
+68.5000E-06,+1.8750000000E+00,-31.2500000E-03
+69.0000E-06,+1.9062500000E+00,-31.2500000E-03
+69.5000E-06,+1.8750000000E+00,-31.2500000E-03
+70.0000E-06,+1.8750000000E+00,-31.2500000E-03
+70.5000E-06,+1.8750000000E+00,+1.8750000000E+00
+71.0000E-06,+1.9062500000E+00,+1.8437500000E+00
+71.5000E-06,+1.8750000000E+00,+1.8750000000E+00
+72.0000E-06,+1.9062500000E+00,+1.8125000000E+00
+72.5000E-06,+1.9062500000E+00,+1.8125000000E+00
+73.0000E-06,+1.8437500000E+00,+1.8750000000E+00
+73.5000E-06,+1.9062500000E+00,+1.8437500000E+00
+74.0000E-06,+1.8750000000E+00,+1.8750000000E+00
+74.5000E-06,+1.9062500000E+00,+1.8437500000E+00
+75.0000E-06,+1.8750000000E+00,+1.8750000000E+00
+75.5000E-06,+1.8750000000E+00,+1.8437500000E+00
+76.0000E-06,+1.9062500000E+00,+1.8750000000E+00
+76.5000E-06,+1.8750000000E+00,+1.8437500000E+00
+77.0000E-06,+1.8750000000E+00,+1.9062500000E+00
+77.5000E-06,+1.9062500000E+00,+1.8437500000E+00
+78.0000E-06,+1.8750000000E+00,+1.8750000000E+00
+78.5000E-06,+1.8750000000E+00,+1.8437500000E+00
+79.0000E-06,+1.8750000000E+00,+1.8437500000E+00
+79.5000E-06,+1.8437500000E+00,+1.8437500000E+00
+80.0000E-06,+1.8750000000E+00,+1.8750000000E+00
+80.5000E-06,+1.8750000000E+00,+1.8437500000E+00
+81.0000E-06,+1.8750000000E+00,+1.8437500000E+00
+81.5000E-06,+1.8437500000E+00,+1.8437500000E+00
+82.0000E-06,+1.8750000000E+00,+1.8125000000E+00
+82.5000E-06,+1.9062500000E+00,+1.8437500000E+00
+83.0000E-06,+1.8437500000E+00,+1.8437500000E+00
+83.5000E-06,+1.8750000000E+00,+1.8125000000E+00
+84.0000E-06,+1.8437500000E+00,+1.8437500000E+00
+84.5000E-06,+1.8750000000E+00,+1.8125000000E+00
+85.0000E-06,+1.8437500000E+00,+1.8750000000E+00
+85.5000E-06,+1.8437500000E+00,+1.8437500000E+00
+86.0000E-06,+1.8437500000E+00,+1.8437500000E+00
+86.5000E-06,+1.9062500000E+00,+1.8125000000E+00
+87.0000E-06,+1.8437500000E+00,+1.8750000000E+00
+87.5000E-06,+1.8750000000E+00,+1.8125000000E+00
+88.0000E-06,+1.8437500000E+00,+1.8437500000E+00
+88.5000E-06,-156.2500000E-03,+1.7812500000E+00
+89.0000E-06,-156.2500000E-03,+1.8437500000E+00
+89.5000E-06,-125.0000000E-03,+1.8125000000E+00
+90.0000E-06,-156.2500000E-03,+1.8437500000E+00
+90.5000E-06,-156.2500000E-03,+0.0E+00
+91.0000E-06,-156.2500000E-03,+0.0E+00
+91.5000E-06,-125.0000000E-03,-31.2500000E-03
+92.0000E-06,-125.0000000E-03,-31.2500000E-03
+92.5000E-06,-125.0000000E-03,-31.2500000E-03
+93.0000E-06,-156.2500000E-03,-31.2500000E-03
+93.5000E-06,-125.0000000E-03,-31.2500000E-03
+94.0000E-06,-156.2500000E-03,-62.5000000E-03
+94.5000E-06,-125.0000000E-03,-31.2500000E-03
+95.0000E-06,-93.7500000E-03,-31.2500000E-03
+95.5000E-06,-156.2500000E-03,-0.0E+00
+96.0000E-06,-125.0000000E-03,-31.2500000E-03
+96.5000E-06,-156.2500000E-03,-0.0E+00
+97.0000E-06,-125.0000000E-03,-31.2500000E-03
+97.5000E-06,-93.7500000E-03,-31.2500000E-03
+98.0000E-06,-156.2500000E-03,-0.0E+00
+98.5000E-06,-125.0000000E-03,+0.0E+00
+99.0000E-06,-125.0000000E-03,-31.2500000E-03
+99.5000E-06,-125.0000000E-03,-0.0E+00
+100.0000E-06,-125.0000000E-03,-31.2500000E-03
+100.5000E-06,-156.2500000E-03,-0.0E+00
+101.0000E-06,-125.0000000E-03,+0.0E+00
+101.5000E-06,-125.0000000E-03,-31.2500000E-03
+102.0000E-06,-93.7500000E-03,-0.0E+00
+102.5000E-06,-93.7500000E-03,-31.2500000E-03
+103.0000E-06,-93.7500000E-03,-0.0E+00
+103.5000E-06,-125.0000000E-03,-31.2500000E-03
+104.0000E-06,-62.5000000E-03,-0.0E+00
+104.5000E-06,-125.0000000E-03,-31.2500000E-03
+105.0000E-06,-93.7500000E-03,-0.0E+00
+105.5000E-06,-125.0000000E-03,-31.2500000E-03
+106.0000E-06,-93.7500000E-03,-0.0E+00
+106.5000E-06,-125.0000000E-03,+0.0E+00
+107.0000E-06,-93.7500000E-03,+31.2500000E-03
+107.5000E-06,-93.7500000E-03,+0.0E+00
+108.0000E-06,-62.5000000E-03,+31.2500000E-03
+108.5000E-06,+1.9375000000E+00,-31.2500000E-03
+109.0000E-06,+1.9062500000E+00,-31.2500000E-03
+109.5000E-06,+1.8750000000E+00,+31.2500000E-03
+110.0000E-06,+1.9062500000E+00,+2.0312500000E+00
+110.5000E-06,+1.8750000000E+00,+1.8437500000E+00
+111.0000E-06,+1.9062500000E+00,+1.8125000000E+00
+111.5000E-06,+1.9062500000E+00,+1.8750000000E+00
+112.0000E-06,+1.9062500000E+00,+1.8750000000E+00
+112.5000E-06,+1.8125000000E+00,+1.8125000000E+00
+113.0000E-06,+1.8437500000E+00,+1.7812500000E+00
+113.5000E-06,+1.8437500000E+00,+1.8437500000E+00
+114.0000E-06,+1.8750000000E+00,+1.8125000000E+00
+114.5000E-06,+1.9062500000E+00,+1.8125000000E+00
+115.0000E-06,+1.8750000000E+00,+1.8437500000E+00
+115.5000E-06,+1.8750000000E+00,+1.8125000000E+00
+116.0000E-06,+1.9062500000E+00,+1.8437500000E+00
+116.5000E-06,+1.8750000000E+00,+1.8125000000E+00
+117.0000E-06,+1.8750000000E+00,+1.8125000000E+00
+117.5000E-06,+1.8750000000E+00,+1.7812500000E+00
+118.0000E-06,+1.8437500000E+00,+1.8437500000E+00
+118.5000E-06,+1.8437500000E+00,+1.8125000000E+00
+119.0000E-06,+1.9062500000E+00,+1.8125000000E+00
+119.5000E-06,+1.9062500000E+00,+1.7812500000E+00
+120.0000E-06,+1.8437500000E+00,+1.8125000000E+00
+120.5000E-06,+1.8750000000E+00,+1.8125000000E+00
+121.0000E-06,+1.8750000000E+00,+1.8437500000E+00
+121.5000E-06,+1.9062500000E+00,+1.8125000000E+00
+122.0000E-06,+1.8437500000E+00,+1.8437500000E+00
+122.5000E-06,+1.9062500000E+00,+1.8125000000E+00
+123.0000E-06,+1.8750000000E+00,+1.8437500000E+00
+123.5000E-06,+1.8750000000E+00,+1.7812500000E+00
+124.0000E-06,+1.8437500000E+00,+1.8750000000E+00
+124.5000E-06,+1.9062500000E+00,+1.8125000000E+00
+125.0000E-06,+1.8750000000E+00,+1.8437500000E+00
+125.5000E-06,+1.8437500000E+00,+1.8125000000E+00
+126.0000E-06,+1.8750000000E+00,+1.8437500000E+00
+126.5000E-06,+1.9062500000E+00,+1.8437500000E+00
+127.0000E-06,+1.9062500000E+00,+1.8437500000E+00
+127.5000E-06,+1.8437500000E+00,+1.8125000000E+00
+128.0000E-06,+1.8750000000E+00,+1.8437500000E+00
+128.5000E-06,-156.2500000E-03,+1.8437500000E+00
+129.0000E-06,-156.2500000E-03,+1.7812500000E+00
+129.5000E-06,-125.0000000E-03,+1.8125000000E+00
+130.0000E-06,-187.5000000E-03,+1.8125000000E+00
+130.5000E-06,-156.2500000E-03,-31.2500000E-03
+131.0000E-06,-125.0000000E-03,-31.2500000E-03
+131.5000E-06,-125.0000000E-03,-0.0E+00
+132.0000E-06,-125.0000000E-03,-31.2500000E-03
+132.5000E-06,-125.0000000E-03,-0.0E+00
+133.0000E-06,-156.2500000E-03,-31.2500000E-03
+133.5000E-06,-125.0000000E-03,-31.2500000E-03
+134.0000E-06,-125.0000000E-03,-31.2500000E-03
+134.5000E-06,-125.0000000E-03,-31.2500000E-03
+135.0000E-06,-125.0000000E-03,+0.0E+00
+135.5000E-06,-125.0000000E-03,-31.2500000E-03
+136.0000E-06,-125.0000000E-03,-31.2500000E-03
+136.5000E-06,-125.0000000E-03,-62.5000000E-03
+137.0000E-06,-93.7500000E-03,-0.0E+00
+137.5000E-06,-125.0000000E-03,-62.5000000E-03
+138.0000E-06,-93.7500000E-03,-0.0E+00
+138.5000E-06,-125.0000000E-03,-31.2500000E-03
+139.0000E-06,-93.7500000E-03,-0.0E+00
+139.5000E-06,-125.0000000E-03,-31.2500000E-03
+140.0000E-06,-93.7500000E-03,+0.0E+00
+140.5000E-06,-125.0000000E-03,+0.0E+00
+141.0000E-06,-93.7500000E-03,+0.0E+00
+141.5000E-06,-93.7500000E-03,-0.0E+00
+142.0000E-06,-93.7500000E-03,-31.2500000E-03
+142.5000E-06,-125.0000000E-03,-31.2500000E-03
+143.0000E-06,-93.7500000E-03,-31.2500000E-03
+143.5000E-06,-93.7500000E-03,-0.0E+00
+144.0000E-06,-93.7500000E-03,-31.2500000E-03
+144.5000E-06,-93.7500000E-03,-0.0E+00
+145.0000E-06,-125.0000000E-03,-62.5000000E-03
+145.5000E-06,-93.7500000E-03,-0.0E+00
+146.0000E-06,-93.7500000E-03,-31.2500000E-03
+146.5000E-06,-93.7500000E-03,-0.0E+00
+147.0000E-06,-93.7500000E-03,-31.2500000E-03
+147.5000E-06,-93.7500000E-03,+31.2500000E-03
+148.0000E-06,-62.5000000E-03,+0.0E+00
+148.5000E-06,+1.9375000000E+00,-0.0E+00
+149.0000E-06,+1.9062500000E+00,-31.2500000E-03
+149.5000E-06,+1.9375000000E+00,-31.2500000E-03
+150.0000E-06,+1.9375000000E+00,+0.0E+00
+150.5000E-06,+1.9062500000E+00,+1.8437500000E+00
+151.0000E-06,+1.8750000000E+00,+1.8750000000E+00
+151.5000E-06,+1.8750000000E+00,+1.8437500000E+00
+152.0000E-06,+1.9062500000E+00,+1.8750000000E+00
+152.5000E-06,+1.9375000000E+00,+1.8437500000E+00
+153.0000E-06,+1.9375000000E+00,+1.8437500000E+00
+153.5000E-06,+1.9375000000E+00,+1.8437500000E+00
+154.0000E-06,+1.9062500000E+00,+1.8750000000E+00
+154.5000E-06,+1.9062500000E+00,+1.8750000000E+00
+155.0000E-06,+1.9062500000E+00,+1.8750000000E+00
+155.5000E-06,+1.8750000000E+00,+1.8750000000E+00
+156.0000E-06,+1.8750000000E+00,+1.8437500000E+00
+156.5000E-06,+1.8750000000E+00,+1.8437500000E+00
+157.0000E-06,+1.8750000000E+00,+1.8750000000E+00
+157.5000E-06,+1.9062500000E+00,+1.8750000000E+00
+158.0000E-06,+1.8750000000E+00,+1.8437500000E+00
+158.5000E-06,+1.9062500000E+00,+1.8750000000E+00
+159.0000E-06,+1.8750000000E+00,+1.8437500000E+00
+159.5000E-06,+1.8437500000E+00,+1.8437500000E+00
+160.0000E-06,+1.8750000000E+00,+1.8437500000E+00
+160.5000E-06,+1.8750000000E+00,+1.8437500000E+00
+161.0000E-06,+1.9062500000E+00,+1.8437500000E+00
+161.5000E-06,+1.8750000000E+00,+1.8437500000E+00
+162.0000E-06,+1.9062500000E+00,+1.8437500000E+00
+162.5000E-06,+1.9062500000E+00,+1.8437500000E+00
+163.0000E-06,+1.8750000000E+00,+1.8437500000E+00
+163.5000E-06,+1.9062500000E+00,+1.8125000000E+00
+164.0000E-06,+1.8750000000E+00,+1.8750000000E+00
+164.5000E-06,+1.8750000000E+00,+1.8125000000E+00
+165.0000E-06,+1.9062500000E+00,+1.8437500000E+00
+165.5000E-06,+1.8750000000E+00,+1.8125000000E+00
+166.0000E-06,+1.8750000000E+00,+1.8437500000E+00
+166.5000E-06,+1.8750000000E+00,+1.8125000000E+00
+167.0000E-06,+1.8750000000E+00,+1.8750000000E+00
+167.5000E-06,+1.8750000000E+00,+1.7812500000E+00
+168.0000E-06,+1.8437500000E+00,+1.8437500000E+00
+168.5000E-06,-125.0000000E-03,+1.8125000000E+00
+169.0000E-06,-125.0000000E-03,+1.8125000000E+00
+169.5000E-06,-125.0000000E-03,+1.8125000000E+00
+170.0000E-06,-125.0000000E-03,+1.8125000000E+00
+170.5000E-06,-156.2500000E-03,-187.5000000E-03
+171.0000E-06,-93.7500000E-03,-62.5000000E-03
+171.5000E-06,-156.2500000E-03,-31.2500000E-03
+172.0000E-06,-156.2500000E-03,-62.5000000E-03
+172.5000E-06,-125.0000000E-03,-31.2500000E-03
+173.0000E-06,-93.7500000E-03,-0.0E+00
+173.5000E-06,-125.0000000E-03,-31.2500000E-03
+174.0000E-06,-125.0000000E-03,-31.2500000E-03
+174.5000E-06,-125.0000000E-03,-31.2500000E-03
+175.0000E-06,-125.0000000E-03,-31.2500000E-03
+175.5000E-06,-125.0000000E-03,-31.2500000E-03
+176.0000E-06,-125.0000000E-03,+31.2500000E-03
+176.5000E-06,-125.0000000E-03,-62.5000000E-03
+177.0000E-06,-93.7500000E-03,+0.0E+00
+177.5000E-06,-93.7500000E-03,-0.0E+00
+178.0000E-06,-93.7500000E-03,-31.2500000E-03
+178.5000E-06,-93.7500000E-03,+0.0E+00
+179.0000E-06,-93.7500000E-03,-0.0E+00
+179.5000E-06,-93.7500000E-03,-31.2500000E-03
+180.0000E-06,-125.0000000E-03,+0.0E+00
+180.5000E-06,-125.0000000E-03,-0.0E+00
+181.0000E-06,-93.7500000E-03,-31.2500000E-03
+181.5000E-06,-125.0000000E-03,-0.0E+00
+182.0000E-06,-93.7500000E-03,-31.2500000E-03
+182.5000E-06,-93.7500000E-03,+0.0E+00
+183.0000E-06,-62.5000000E-03,+0.0E+00
+183.5000E-06,-125.0000000E-03,-0.0E+00
+184.0000E-06,-93.7500000E-03,-31.2500000E-03
+184.5000E-06,-93.7500000E-03,-0.0E+00
+185.0000E-06,-93.7500000E-03,-31.2500000E-03
+185.5000E-06,-62.5000000E-03,+0.0E+00
+186.0000E-06,-93.7500000E-03,+0.0E+00
+186.5000E-06,-93.7500000E-03,+0.0E+00
+187.0000E-06,-93.7500000E-03,+0.0E+00
+187.5000E-06,-93.7500000E-03,+0.0E+00
+188.0000E-06,-62.5000000E-03,-0.0E+00
+188.5000E-06,+1.8750000000E+00,-31.2500000E-03
+189.0000E-06,+1.8750000000E+00,-0.0E+00
+189.5000E-06,+1.9062500000E+00,-31.2500000E-03
+190.0000E-06,+1.9062500000E+00,+0.0E+00
+190.5000E-06,+1.9062500000E+00,+1.8125000000E+00
+191.0000E-06,+1.9062500000E+00,+1.8750000000E+00
+191.5000E-06,+1.9062500000E+00,+1.8125000000E+00
+192.0000E-06,+1.9062500000E+00,+1.8750000000E+00
+192.5000E-06,+1.9062500000E+00,+1.8437500000E+00
+193.0000E-06,+1.8750000000E+00,+1.8437500000E+00
+193.5000E-06,+1.8750000000E+00,+1.8125000000E+00
+194.0000E-06,+1.9062500000E+00,+1.8437500000E+00
+194.5000E-06,+1.8750000000E+00,+1.8437500000E+00
+195.0000E-06,+1.8750000000E+00,+1.8750000000E+00
+195.5000E-06,+1.8750000000E+00,+1.8437500000E+00
+196.0000E-06,+1.8750000000E+00,+1.8125000000E+00
+196.5000E-06,+1.8750000000E+00,+1.8750000000E+00
+197.0000E-06,+1.9062500000E+00,+1.8437500000E+00
+197.5000E-06,+1.9062500000E+00,+1.8437500000E+00
+198.0000E-06,+1.9062500000E+00,+1.8437500000E+00
+198.5000E-06,+1.9062500000E+00,+1.8437500000E+00
+199.0000E-06,+1.8750000000E+00,+1.8437500000E+00
+199.5000E-06,+1.9062500000E+00,+1.8750000000E+00
+200.0000E-06,+1.9062500000E+00,+1.8125000000E+00
+200.5000E-06,+1.8750000000E+00,+1.8437500000E+00
+201.0000E-06,+1.8750000000E+00,+1.8750000000E+00
+201.5000E-06,+1.9062500000E+00,+1.8437500000E+00
+202.0000E-06,+1.9062500000E+00,+1.8750000000E+00
+202.5000E-06,+1.9062500000E+00,+1.8125000000E+00
+203.0000E-06,+1.8750000000E+00,+1.8750000000E+00
+203.5000E-06,+1.8750000000E+00,+1.8437500000E+00
+204.0000E-06,+1.9062500000E+00,+1.8437500000E+00
+204.5000E-06,+1.9375000000E+00,+1.8125000000E+00
+205.0000E-06,+1.9062500000E+00,+1.8750000000E+00
+205.5000E-06,+1.8750000000E+00,+1.8437500000E+00
+206.0000E-06,+1.8750000000E+00,+1.8437500000E+00
+206.5000E-06,+1.9062500000E+00,+1.8437500000E+00
+207.0000E-06,+1.9375000000E+00,+1.8437500000E+00
+207.5000E-06,+1.9062500000E+00,+1.8437500000E+00
+208.0000E-06,+1.9062500000E+00,+1.8437500000E+00
+208.5000E-06,-156.2500000E-03,+1.8437500000E+00
+209.0000E-06,-125.0000000E-03,+1.8437500000E+00
+209.5000E-06,-93.7500000E-03,+1.8750000000E+00
+210.0000E-06,-125.0000000E-03,+1.8437500000E+00
+210.5000E-06,-93.7500000E-03,-0.0E+00
+211.0000E-06,-125.0000000E-03,-31.2500000E-03
+211.5000E-06,-125.0000000E-03,-31.2500000E-03
+212.0000E-06,-125.0000000E-03,-31.2500000E-03
+212.5000E-06,-125.0000000E-03,-0.0E+00
+213.0000E-06,-93.7500000E-03,-31.2500000E-03
+213.5000E-06,-125.0000000E-03,-62.5000000E-03
+214.0000E-06,-93.7500000E-03,-31.2500000E-03
+214.5000E-06,-125.0000000E-03,-31.2500000E-03
+215.0000E-06,-62.5000000E-03,-31.2500000E-03
+215.5000E-06,-125.0000000E-03,-31.2500000E-03
+216.0000E-06,-62.5000000E-03,-31.2500000E-03
+216.5000E-06,-125.0000000E-03,-31.2500000E-03
+217.0000E-06,-93.7500000E-03,-31.2500000E-03
+217.5000E-06,-125.0000000E-03,-31.2500000E-03
+218.0000E-06,-62.5000000E-03,-31.2500000E-03
+218.5000E-06,-125.0000000E-03,-31.2500000E-03
+219.0000E-06,-93.7500000E-03,-31.2500000E-03
+219.5000E-06,-93.7500000E-03,-0.0E+00
+220.0000E-06,-93.7500000E-03,-31.2500000E-03
+220.5000E-06,-125.0000000E-03,-31.2500000E-03
+221.0000E-06,-93.7500000E-03,-0.0E+00
+221.5000E-06,-125.0000000E-03,-31.2500000E-03
+222.0000E-06,-93.7500000E-03,-0.0E+00
+222.5000E-06,-156.2500000E-03,-31.2500000E-03
+223.0000E-06,-93.7500000E-03,-31.2500000E-03
+223.5000E-06,-125.0000000E-03,-31.2500000E-03
+224.0000E-06,-93.7500000E-03,+31.2500000E-03
+224.5000E-06,-93.7500000E-03,-31.2500000E-03
+225.0000E-06,-93.7500000E-03,-31.2500000E-03
+225.5000E-06,-93.7500000E-03,+31.2500000E-03
+226.0000E-06,-62.5000000E-03,+0.0E+00
+226.5000E-06,-125.0000000E-03,+0.0E+00
+227.0000E-06,-93.7500000E-03,+0.0E+00
+227.5000E-06,-62.5000000E-03,+0.0E+00
+228.0000E-06,-93.7500000E-03,+0.0E+00
+228.5000E-06,+1.9375000000E+00,-0.0E+00
+229.0000E-06,+1.9062500000E+00,-31.2500000E-03
+229.5000E-06,+1.8750000000E+00,-31.2500000E-03
+230.0000E-06,+1.9062500000E+00,+0.0E+00
+230.5000E-06,+1.9062500000E+00,+1.8125000000E+00
+231.0000E-06,+1.8750000000E+00,+1.8750000000E+00
+231.5000E-06,+1.8750000000E+00,+1.8437500000E+00
+232.0000E-06,+1.9062500000E+00,+1.8750000000E+00
+232.5000E-06,+1.9062500000E+00,+1.8125000000E+00
+233.0000E-06,+1.8750000000E+00,+1.8750000000E+00
+233.5000E-06,+1.9062500000E+00,+1.8437500000E+00
+234.0000E-06,+1.9062500000E+00,+1.8437500000E+00
+234.5000E-06,+1.8750000000E+00,+1.8750000000E+00
+235.0000E-06,+1.8750000000E+00,+1.8125000000E+00
+235.5000E-06,+1.8437500000E+00,+1.8125000000E+00
+236.0000E-06,+1.8437500000E+00,+1.8437500000E+00
+236.5000E-06,+1.8750000000E+00,+1.8437500000E+00
+237.0000E-06,+1.8750000000E+00,+1.8437500000E+00
+237.5000E-06,+1.8750000000E+00,+1.8125000000E+00
+238.0000E-06,+1.8750000000E+00,+1.8437500000E+00
+238.5000E-06,+1.8750000000E+00,+1.7812500000E+00
+239.0000E-06,+1.9062500000E+00,+1.8437500000E+00
+239.5000E-06,+1.8750000000E+00,+1.8125000000E+00
+240.0000E-06,+1.8437500000E+00,+1.8125000000E+00
+240.5000E-06,+1.9062500000E+00,+1.8125000000E+00
+241.0000E-06,+1.8750000000E+00,+1.8125000000E+00
+241.5000E-06,+1.8750000000E+00,+1.7812500000E+00
+242.0000E-06,+1.8437500000E+00,+1.8437500000E+00
+242.5000E-06,+1.8750000000E+00,+1.7812500000E+00
+243.0000E-06,+1.9062500000E+00,+1.8125000000E+00
+243.5000E-06,+1.8437500000E+00,+1.8437500000E+00
+244.0000E-06,+1.8750000000E+00,+1.8125000000E+00
+244.5000E-06,+1.8750000000E+00,+1.8125000000E+00
+245.0000E-06,+1.8437500000E+00,+1.8437500000E+00
+245.5000E-06,+1.8750000000E+00,+1.8125000000E+00
+246.0000E-06,+1.8750000000E+00,+1.8125000000E+00
+246.5000E-06,+1.8750000000E+00,+1.8437500000E+00
+247.0000E-06,+1.8750000000E+00,+1.7812500000E+00
+247.5000E-06,+1.8750000000E+00,+1.8125000000E+00
+248.0000E-06,+1.9062500000E+00,+1.8125000000E+00
+248.5000E-06,-125.0000000E-03,+1.8125000000E+00
+249.0000E-06,-93.7500000E-03,+1.8125000000E+00
+249.5000E-06,-125.0000000E-03,+1.8125000000E+00
+250.0000E-06,-93.7500000E-03,+1.8437500000E+00
+250.5000E-06,-156.2500000E-03,-0.0E+00
+251.0000E-06,-93.7500000E-03,-62.5000000E-03
+251.5000E-06,-93.7500000E-03,-62.5000000E-03
+252.0000E-06,-93.7500000E-03,-0.0E+00
+252.5000E-06,-156.2500000E-03,-62.5000000E-03
+253.0000E-06,-93.7500000E-03,-31.2500000E-03
+253.5000E-06,-93.7500000E-03,-31.2500000E-03
+254.0000E-06,-93.7500000E-03,-31.2500000E-03
+254.5000E-06,-93.7500000E-03,-31.2500000E-03
+255.0000E-06,-125.0000000E-03,-31.2500000E-03
+255.5000E-06,-93.7500000E-03,-0.0E+00
+256.0000E-06,-93.7500000E-03,-31.2500000E-03
+256.5000E-06,-93.7500000E-03,-31.2500000E-03
+257.0000E-06,-93.7500000E-03,-31.2500000E-03
+257.5000E-06,-93.7500000E-03,-0.0E+00
+258.0000E-06,-125.0000000E-03,-31.2500000E-03
+258.5000E-06,-62.5000000E-03,+0.0E+00
+259.0000E-06,-93.7500000E-03,-0.0E+00
+259.5000E-06,-93.7500000E-03,-31.2500000E-03
+260.0000E-06,-93.7500000E-03,-31.2500000E-03
+260.5000E-06,-93.7500000E-03,-31.2500000E-03
+261.0000E-06,-93.7500000E-03,-31.2500000E-03
+261.5000E-06,-93.7500000E-03,-62.5000000E-03
+262.0000E-06,-93.7500000E-03,-31.2500000E-03
+262.5000E-06,-125.0000000E-03,-0.0E+00
+263.0000E-06,-93.7500000E-03,-31.2500000E-03
+263.5000E-06,-93.7500000E-03,-0.0E+00
+264.0000E-06,-93.7500000E-03,-31.2500000E-03
+264.5000E-06,-93.7500000E-03,-0.0E+00
+265.0000E-06,-93.7500000E-03,-31.2500000E-03
+265.5000E-06,-93.7500000E-03,-0.0E+00
+266.0000E-06,-93.7500000E-03,-31.2500000E-03
+266.5000E-06,-125.0000000E-03,+31.2500000E-03
+267.0000E-06,-93.7500000E-03,-62.5000000E-03
+267.5000E-06,-93.7500000E-03,-0.0E+00
+268.0000E-06,-93.7500000E-03,-31.2500000E-03
+268.5000E-06,+1.9375000000E+00,+0.0E+00
+269.0000E-06,+1.9375000000E+00,-0.0E+00
+269.5000E-06,+1.9375000000E+00,-31.2500000E-03
+270.0000E-06,+1.9375000000E+00,+0.0E+00
+270.5000E-06,+1.9062500000E+00,+1.8437500000E+00
+271.0000E-06,+1.9375000000E+00,+1.9062500000E+00
+271.5000E-06,+1.9062500000E+00,+1.8750000000E+00
+272.0000E-06,+1.9375000000E+00,+1.9062500000E+00
+272.5000E-06,+1.9375000000E+00,+1.8125000000E+00
+273.0000E-06,+1.9062500000E+00,+1.8750000000E+00
+273.5000E-06,+1.9062500000E+00,+1.8750000000E+00
+274.0000E-06,+1.9062500000E+00,+1.8750000000E+00
+274.5000E-06,+1.9375000000E+00,+1.8437500000E+00
+275.0000E-06,+1.9062500000E+00,+1.8750000000E+00
+275.5000E-06,+1.9062500000E+00,+1.8750000000E+00
+276.0000E-06,+1.9062500000E+00,+1.8437500000E+00
+276.5000E-06,+1.9062500000E+00,+1.8750000000E+00
+277.0000E-06,+1.9062500000E+00,+1.8750000000E+00
+277.5000E-06,+1.9062500000E+00,+1.8437500000E+00
+278.0000E-06,+1.9062500000E+00,+1.8750000000E+00
+278.5000E-06,+1.9062500000E+00,+1.8437500000E+00
+279.0000E-06,+1.9062500000E+00,+1.8750000000E+00
+279.5000E-06,+1.9062500000E+00,+1.8437500000E+00
+280.0000E-06,+1.9062500000E+00,+1.8437500000E+00
+280.5000E-06,+1.9062500000E+00,+1.8125000000E+00
+281.0000E-06,+1.9375000000E+00,+1.8750000000E+00
+281.5000E-06,+1.9062500000E+00,+1.8437500000E+00
+282.0000E-06,+1.8750000000E+00,+1.8750000000E+00
+282.5000E-06,+1.9062500000E+00,+1.8750000000E+00
+283.0000E-06,+1.9062500000E+00,+1.8437500000E+00
+283.5000E-06,+1.8750000000E+00,+1.8750000000E+00
+284.0000E-06,+1.9062500000E+00,+1.8437500000E+00
+284.5000E-06,+1.9062500000E+00,+1.8125000000E+00
+285.0000E-06,+1.9062500000E+00,+1.8125000000E+00
+285.5000E-06,+1.8750000000E+00,+1.8125000000E+00
+286.0000E-06,+1.8750000000E+00,+1.8437500000E+00
+286.5000E-06,+1.9062500000E+00,+1.8437500000E+00
+287.0000E-06,+1.9062500000E+00,+1.8437500000E+00
+287.5000E-06,+1.9062500000E+00,+1.8125000000E+00
+288.0000E-06,+1.8750000000E+00,+1.8750000000E+00
+288.5000E-06,-125.0000000E-03,+1.7812500000E+00
+289.0000E-06,-93.7500000E-03,+1.8437500000E+00
+289.5000E-06,-125.0000000E-03,+1.8125000000E+00
+290.0000E-06,-93.7500000E-03,+1.8125000000E+00
+290.5000E-06,-156.2500000E-03,-93.7500000E-03
+291.0000E-06,-93.7500000E-03,-31.2500000E-03
+291.5000E-06,-125.0000000E-03,-31.2500000E-03
+292.0000E-06,-93.7500000E-03,-62.5000000E-03
+292.5000E-06,-93.7500000E-03,-31.2500000E-03
+293.0000E-06,-125.0000000E-03,-0.0E+00
+293.5000E-06,-93.7500000E-03,-31.2500000E-03
+294.0000E-06,-93.7500000E-03,-31.2500000E-03
+294.5000E-06,-93.7500000E-03,-0.0E+00
+295.0000E-06,-62.5000000E-03,-31.2500000E-03
+295.5000E-06,-125.0000000E-03,-31.2500000E-03
+296.0000E-06,-125.0000000E-03,-0.0E+00
+296.5000E-06,-125.0000000E-03,-31.2500000E-03
+297.0000E-06,-125.0000000E-03,-0.0E+00
+297.5000E-06,-93.7500000E-03,-31.2500000E-03
+298.0000E-06,-62.5000000E-03,-31.2500000E-03
+298.5000E-06,-125.0000000E-03,-31.2500000E-03
+299.0000E-06,-93.7500000E-03,-0.0E+00
+299.5000E-06,-93.7500000E-03,-31.2500000E-03
+300.0000E-06,-93.7500000E-03,-0.0E+00
+300.5000E-06,-93.7500000E-03,-31.2500000E-03
+301.0000E-06,-93.7500000E-03,+0.0E+00
+301.5000E-06,-125.0000000E-03,-0.0E+00
+302.0000E-06,-62.5000000E-03,-31.2500000E-03
+302.5000E-06,-125.0000000E-03,-0.0E+00
+303.0000E-06,-93.7500000E-03,-31.2500000E-03
+303.5000E-06,-125.0000000E-03,-0.0E+00
+304.0000E-06,-125.0000000E-03,-31.2500000E-03
+304.5000E-06,-93.7500000E-03,-0.0E+00
+305.0000E-06,-62.5000000E-03,-31.2500000E-03
+305.5000E-06,-62.5000000E-03,+0.0E+00
+306.0000E-06,-93.7500000E-03,-0.0E+00
+306.5000E-06,-125.0000000E-03,-31.2500000E-03
+307.0000E-06,-93.7500000E-03,-0.0E+00
+307.5000E-06,-93.7500000E-03,-31.2500000E-03
+308.0000E-06,-62.5000000E-03,-31.2500000E-03
+308.5000E-06,+1.9062500000E+00,+0.0E+00
+309.0000E-06,+1.9062500000E+00,+0.0E+00
+309.5000E-06,+1.9375000000E+00,+0.0E+00
+310.0000E-06,+1.9062500000E+00,+0.0E+00
+310.5000E-06,+1.8750000000E+00,+1.8125000000E+00
+311.0000E-06,+1.8750000000E+00,+1.8750000000E+00
+311.5000E-06,+1.8750000000E+00,+1.8125000000E+00
+312.0000E-06,+1.8750000000E+00,+1.8125000000E+00
+312.5000E-06,+1.9062500000E+00,+1.8125000000E+00
+313.0000E-06,+1.8750000000E+00,+1.8437500000E+00
+313.5000E-06,+1.9062500000E+00,+1.8125000000E+00
+314.0000E-06,+1.8750000000E+00,+1.8437500000E+00
+314.5000E-06,+1.9062500000E+00,+1.7812500000E+00
+315.0000E-06,+1.9062500000E+00,+1.8125000000E+00
+315.5000E-06,+1.8750000000E+00,+1.8750000000E+00
+316.0000E-06,+1.9062500000E+00,+1.8125000000E+00
+316.5000E-06,+1.8437500000E+00,+1.8125000000E+00
+317.0000E-06,+1.9062500000E+00,+1.8125000000E+00
+317.5000E-06,+1.8437500000E+00,+1.8125000000E+00
+318.0000E-06,+1.8437500000E+00,+1.7812500000E+00
+318.5000E-06,+1.8750000000E+00,+1.8125000000E+00
+319.0000E-06,+1.8750000000E+00,+1.8437500000E+00
+319.5000E-06,+1.8750000000E+00,+1.8125000000E+00
+320.0000E-06,+1.8750000000E+00,+1.8437500000E+00
+320.5000E-06,+1.9062500000E+00,+1.8125000000E+00
+321.0000E-06,+1.8750000000E+00,+1.8750000000E+00
+321.5000E-06,+1.8750000000E+00,+1.8437500000E+00
+322.0000E-06,+1.8750000000E+00,+1.8437500000E+00
+322.5000E-06,+1.8750000000E+00,+1.8125000000E+00
+323.0000E-06,+1.8750000000E+00,+1.8437500000E+00
+323.5000E-06,+1.9062500000E+00,+1.8125000000E+00
+324.0000E-06,+1.9062500000E+00,+1.9062500000E+00
+324.5000E-06,+1.9062500000E+00,+1.8125000000E+00
+325.0000E-06,+1.8750000000E+00,+1.8125000000E+00
+325.5000E-06,+1.8750000000E+00,+1.8125000000E+00
+326.0000E-06,+1.9062500000E+00,+1.8437500000E+00
+326.5000E-06,+1.8750000000E+00,+1.8437500000E+00
+327.0000E-06,+1.8750000000E+00,+1.8437500000E+00
+327.5000E-06,+1.9062500000E+00,+1.8125000000E+00
+328.0000E-06,+1.8750000000E+00,+1.8437500000E+00
+328.5000E-06,-125.0000000E-03,+1.8750000000E+00
+329.0000E-06,-125.0000000E-03,+1.8125000000E+00
+329.5000E-06,-125.0000000E-03,+1.8437500000E+00
+330.0000E-06,-156.2500000E-03,+1.8750000000E+00
+330.5000E-06,-125.0000000E-03,-31.2500000E-03
+331.0000E-06,-93.7500000E-03,-31.2500000E-03
+331.5000E-06,-125.0000000E-03,-31.2500000E-03
+332.0000E-06,-62.5000000E-03,-31.2500000E-03
+332.5000E-06,-93.7500000E-03,-62.5000000E-03
+333.0000E-06,-125.0000000E-03,-0.0E+00
+333.5000E-06,-125.0000000E-03,-31.2500000E-03
+334.0000E-06,-93.7500000E-03,-0.0E+00
+334.5000E-06,-93.7500000E-03,-31.2500000E-03
+335.0000E-06,-93.7500000E-03,-31.2500000E-03
+335.5000E-06,-125.0000000E-03,-31.2500000E-03
+336.0000E-06,-125.0000000E-03,-0.0E+00
+336.5000E-06,-125.0000000E-03,-93.7500000E-03
+337.0000E-06,-125.0000000E-03,-31.2500000E-03
+337.5000E-06,-93.7500000E-03,-0.0E+00
+338.0000E-06,-93.7500000E-03,-62.5000000E-03
+338.5000E-06,-93.7500000E-03,-0.0E+00
+339.0000E-06,-62.5000000E-03,-31.2500000E-03
+339.5000E-06,-93.7500000E-03,-31.2500000E-03
+340.0000E-06,-93.7500000E-03,-31.2500000E-03
+340.5000E-06,-125.0000000E-03,+31.2500000E-03
+341.0000E-06,-93.7500000E-03,+0.0E+00
+341.5000E-06,-93.7500000E-03,+0.0E+00
+342.0000E-06,-93.7500000E-03,+0.0E+00
+342.5000E-06,-125.0000000E-03,-0.0E+00
+343.0000E-06,-93.7500000E-03,-31.2500000E-03
+343.5000E-06,-93.7500000E-03,-0.0E+00
+344.0000E-06,-62.5000000E-03,-31.2500000E-03
+344.5000E-06,-93.7500000E-03,+0.0E+00
+345.0000E-06,-93.7500000E-03,-0.0E+00
+345.5000E-06,-62.5000000E-03,-31.2500000E-03
+346.0000E-06,-93.7500000E-03,-0.0E+00
+346.5000E-06,-93.7500000E-03,-62.5000000E-03
+347.0000E-06,-93.7500000E-03,-31.2500000E-03
+347.5000E-06,-93.7500000E-03,-31.2500000E-03
+348.0000E-06,-93.7500000E-03,-0.0E+00
+348.5000E-06,+1.9062500000E+00,-31.2500000E-03
+349.0000E-06,+1.9375000000E+00,-31.2500000E-03
+349.5000E-06,+1.9375000000E+00,-0.0E+00
+350.0000E-06,+1.9375000000E+00,-31.2500000E-03
+350.5000E-06,+1.9062500000E+00,+1.9062500000E+00
+351.0000E-06,+1.9687500000E+00,+1.8437500000E+00
+351.5000E-06,+1.9375000000E+00,+1.8750000000E+00
+352.0000E-06,+1.9375000000E+00,+1.8750000000E+00
+352.5000E-06,+1.9062500000E+00,+1.8437500000E+00
+353.0000E-06,+1.9062500000E+00,+1.8437500000E+00
+353.5000E-06,+1.9375000000E+00,+1.8437500000E+00
+354.0000E-06,+1.9062500000E+00,+1.8750000000E+00
+354.5000E-06,+1.9062500000E+00,+1.8437500000E+00
+355.0000E-06,+1.9062500000E+00,+1.8750000000E+00
+355.5000E-06,+1.8750000000E+00,+1.8125000000E+00
+356.0000E-06,+1.9062500000E+00,+1.8437500000E+00
+356.5000E-06,+1.9062500000E+00,+1.8125000000E+00
+357.0000E-06,+1.9062500000E+00,+1.8125000000E+00
+357.5000E-06,+1.9062500000E+00,+1.8125000000E+00
+358.0000E-06,+1.8750000000E+00,+1.8437500000E+00
+358.5000E-06,+1.9062500000E+00,+1.8125000000E+00
+359.0000E-06,+1.9062500000E+00,+1.8437500000E+00
+359.5000E-06,+1.8750000000E+00,+1.8125000000E+00
+360.0000E-06,+1.9062500000E+00,+1.8437500000E+00
+360.5000E-06,+1.9062500000E+00,+1.8125000000E+00
+361.0000E-06,+1.9062500000E+00,+1.8750000000E+00
+361.5000E-06,+1.8750000000E+00,+1.8125000000E+00
+362.0000E-06,+1.9062500000E+00,+1.8125000000E+00
+362.5000E-06,+1.9062500000E+00,+1.8125000000E+00
+363.0000E-06,+1.9062500000E+00,+1.8125000000E+00
+363.5000E-06,+1.8750000000E+00,+1.8125000000E+00
+364.0000E-06,+1.8750000000E+00,+1.8125000000E+00
+364.5000E-06,+1.9062500000E+00,+1.8125000000E+00
+365.0000E-06,+1.9062500000E+00,+1.8125000000E+00
+365.5000E-06,+1.8750000000E+00,+1.8437500000E+00
+366.0000E-06,+1.8750000000E+00,+1.8125000000E+00
+366.5000E-06,+1.9062500000E+00,+1.8750000000E+00
+367.0000E-06,+1.9062500000E+00,+1.8125000000E+00
+367.5000E-06,+1.8750000000E+00,+1.8125000000E+00
+368.0000E-06,+1.9062500000E+00,+1.8125000000E+00
+368.5000E-06,-93.7500000E-03,+1.8125000000E+00
+369.0000E-06,-125.0000000E-03,+1.8125000000E+00
+369.5000E-06,-93.7500000E-03,+1.7812500000E+00
+370.0000E-06,-156.2500000E-03,+1.8437500000E+00
+370.5000E-06,-125.0000000E-03,-93.7500000E-03
+371.0000E-06,-93.7500000E-03,-0.0E+00
+371.5000E-06,-125.0000000E-03,-31.2500000E-03
+372.0000E-06,-125.0000000E-03,-31.2500000E-03
+372.5000E-06,-125.0000000E-03,-31.2500000E-03
+373.0000E-06,-125.0000000E-03,-31.2500000E-03
+373.5000E-06,-93.7500000E-03,-31.2500000E-03
+374.0000E-06,-93.7500000E-03,-31.2500000E-03
+374.5000E-06,-125.0000000E-03,-31.2500000E-03
+375.0000E-06,-125.0000000E-03,-31.2500000E-03
+375.5000E-06,-125.0000000E-03,-31.2500000E-03
+376.0000E-06,-125.0000000E-03,-31.2500000E-03
+376.5000E-06,-93.7500000E-03,-31.2500000E-03
+377.0000E-06,-93.7500000E-03,+0.0E+00
+377.5000E-06,-93.7500000E-03,-0.0E+00
+378.0000E-06,-93.7500000E-03,-31.2500000E-03
+378.5000E-06,-62.5000000E-03,-31.2500000E-03
+379.0000E-06,-62.5000000E-03,+0.0E+00
+379.5000E-06,-93.7500000E-03,-0.0E+00
+380.0000E-06,-93.7500000E-03,-31.2500000E-03
+380.5000E-06,-93.7500000E-03,-31.2500000E-03
+381.0000E-06,-31.2500000E-03,-31.2500000E-03
+381.5000E-06,-93.7500000E-03,-31.2500000E-03
+382.0000E-06,-93.7500000E-03,-31.2500000E-03
+382.5000E-06,-125.0000000E-03,-62.5000000E-03
+383.0000E-06,-62.5000000E-03,-31.2500000E-03
+383.5000E-06,-62.5000000E-03,+0.0E+00
+384.0000E-06,-62.5000000E-03,-0.0E+00
+384.5000E-06,-125.0000000E-03,-31.2500000E-03
+385.0000E-06,-93.7500000E-03,-0.0E+00
+385.5000E-06,-93.7500000E-03,-31.2500000E-03
+386.0000E-06,-93.7500000E-03,-31.2500000E-03
+386.5000E-06,-93.7500000E-03,+0.0E+00
+387.0000E-06,-31.2500000E-03,-0.0E+00
+387.5000E-06,-93.7500000E-03,-31.2500000E-03
+388.0000E-06,-93.7500000E-03,-0.0E+00
+388.5000E-06,+1.9375000000E+00,-31.2500000E-03
+389.0000E-06,+1.8750000000E+00,+0.0E+00
+389.5000E-06,+1.9062500000E+00,-0.0E+00
+390.0000E-06,+1.9375000000E+00,-31.2500000E-03
+390.5000E-06,+1.8750000000E+00,+1.9062500000E+00
+391.0000E-06,+1.8750000000E+00,+1.8437500000E+00
+391.5000E-06,+1.9062500000E+00,+1.8437500000E+00
+392.0000E-06,+1.9062500000E+00,+1.8437500000E+00
+392.5000E-06,+1.9062500000E+00,+1.7812500000E+00
+393.0000E-06,+1.9062500000E+00,+1.8750000000E+00
+393.5000E-06,+1.9062500000E+00,+1.8125000000E+00
+394.0000E-06,+1.9062500000E+00,+1.8750000000E+00
+394.5000E-06,+1.9062500000E+00,+1.8125000000E+00
+395.0000E-06,+1.9375000000E+00,+1.8437500000E+00
+395.5000E-06,+1.9062500000E+00,+1.8125000000E+00
+396.0000E-06,+1.9062500000E+00,+1.8437500000E+00
+396.5000E-06,+1.9062500000E+00,+1.8437500000E+00
+397.0000E-06,+1.9062500000E+00,+1.8437500000E+00
+397.5000E-06,+1.8750000000E+00,+1.8437500000E+00
+398.0000E-06,+1.9062500000E+00,+1.8437500000E+00
+398.5000E-06,+1.9062500000E+00,+1.8437500000E+00
+399.0000E-06,+1.9062500000E+00,+1.8437500000E+00
+399.5000E-06,+1.9375000000E+00,+1.8437500000E+00
+400.0000E-06,+1.9062500000E+00,+1.8750000000E+00
+400.5000E-06,+1.9062500000E+00,+1.8437500000E+00
+401.0000E-06,+1.9062500000E+00,+1.8750000000E+00
+401.5000E-06,+1.9062500000E+00,+1.8125000000E+00
+402.0000E-06,+1.9062500000E+00,+1.8125000000E+00
+402.5000E-06,+1.9375000000E+00,+1.8437500000E+00
+403.0000E-06,+1.9062500000E+00,+1.8437500000E+00
+403.5000E-06,+1.9062500000E+00,+1.8437500000E+00
+404.0000E-06,+1.9062500000E+00,+1.8437500000E+00
+404.5000E-06,+1.9062500000E+00,+1.8125000000E+00
+405.0000E-06,+1.9062500000E+00,+1.8437500000E+00
+405.5000E-06,+1.9062500000E+00,+1.8125000000E+00
+406.0000E-06,+1.9062500000E+00,+1.8437500000E+00
+406.5000E-06,+1.9375000000E+00,+1.8125000000E+00
+407.0000E-06,+1.9062500000E+00,+1.8437500000E+00
+407.5000E-06,+1.8750000000E+00,+1.8437500000E+00
+408.0000E-06,+1.8750000000E+00,+1.8437500000E+00
+408.5000E-06,-125.0000000E-03,+1.8125000000E+00
+409.0000E-06,-93.7500000E-03,+1.8125000000E+00
+409.5000E-06,-125.0000000E-03,+1.8125000000E+00
+410.0000E-06,-93.7500000E-03,+1.8437500000E+00
+410.5000E-06,-125.0000000E-03,-0.0E+00
+411.0000E-06,-93.7500000E-03,-31.2500000E-03
+411.5000E-06,-125.0000000E-03,-31.2500000E-03
+412.0000E-06,-93.7500000E-03,-31.2500000E-03
+412.5000E-06,-93.7500000E-03,-62.5000000E-03
+413.0000E-06,-93.7500000E-03,-31.2500000E-03
+413.5000E-06,-93.7500000E-03,-31.2500000E-03
+414.0000E-06,-125.0000000E-03,-0.0E+00
+414.5000E-06,-125.0000000E-03,-31.2500000E-03
+415.0000E-06,-93.7500000E-03,-0.0E+00
+415.5000E-06,-62.5000000E-03,-31.2500000E-03
+416.0000E-06,-62.5000000E-03,-31.2500000E-03
+416.5000E-06,-93.7500000E-03,-0.0E+00
+417.0000E-06,-93.7500000E-03,-62.5000000E-03
+417.5000E-06,-125.0000000E-03,-31.2500000E-03
+418.0000E-06,-125.0000000E-03,-31.2500000E-03
+418.5000E-06,-125.0000000E-03,-31.2500000E-03
+419.0000E-06,-93.7500000E-03,-31.2500000E-03
+419.5000E-06,-125.0000000E-03,-31.2500000E-03
+420.0000E-06,-93.7500000E-03,+0.0E+00
+420.5000E-06,-62.5000000E-03,+0.0E+00
+421.0000E-06,-125.0000000E-03,-0.0E+00
+421.5000E-06,-125.0000000E-03,-62.5000000E-03
+422.0000E-06,-93.7500000E-03,-0.0E+00
+422.5000E-06,-93.7500000E-03,-31.2500000E-03
+423.0000E-06,-62.5000000E-03,-31.2500000E-03
+423.5000E-06,-125.0000000E-03,-62.5000000E-03
+424.0000E-06,-62.5000000E-03,-31.2500000E-03
+424.5000E-06,-125.0000000E-03,-0.0E+00
+425.0000E-06,-62.5000000E-03,-31.2500000E-03
+425.5000E-06,-93.7500000E-03,-0.0E+00
+426.0000E-06,-93.7500000E-03,-31.2500000E-03
+426.5000E-06,-93.7500000E-03,-0.0E+00
+427.0000E-06,-93.7500000E-03,-31.2500000E-03
+427.5000E-06,-125.0000000E-03,-31.2500000E-03
+428.0000E-06,-62.5000000E-03,+31.2500000E-03
+428.5000E-06,+1.9375000000E+00,-31.2500000E-03
+429.0000E-06,+1.9375000000E+00,+0.0E+00
+429.5000E-06,+1.9062500000E+00,+0.0E+00
+430.0000E-06,+1.9062500000E+00,+0.0E+00
+430.5000E-06,+1.9062500000E+00,+1.8750000000E+00
+431.0000E-06,+1.9062500000E+00,+1.8750000000E+00
+431.5000E-06,+1.9062500000E+00,+1.8437500000E+00
+432.0000E-06,+1.9062500000E+00,+1.8125000000E+00
+432.5000E-06,+1.9062500000E+00,+1.8750000000E+00
+433.0000E-06,+1.8750000000E+00,+1.8750000000E+00
+433.5000E-06,+1.9062500000E+00,+1.8750000000E+00
+434.0000E-06,+1.9062500000E+00,+1.8125000000E+00
+434.5000E-06,+1.9062500000E+00,+1.8437500000E+00
+435.0000E-06,+1.9062500000E+00,+1.8750000000E+00
+435.5000E-06,+1.9062500000E+00,+1.8125000000E+00
+436.0000E-06,+1.9062500000E+00,+1.8125000000E+00
+436.5000E-06,+1.9062500000E+00,+1.8125000000E+00
+437.0000E-06,+1.8750000000E+00,+1.8437500000E+00
+437.5000E-06,+1.8750000000E+00,+1.8125000000E+00
+438.0000E-06,+1.9062500000E+00,+1.8125000000E+00
+438.5000E-06,+1.8750000000E+00,+1.8125000000E+00
+439.0000E-06,+1.8750000000E+00,+1.8437500000E+00
+439.5000E-06,+1.8750000000E+00,+1.8125000000E+00
+440.0000E-06,+1.9062500000E+00,+1.8125000000E+00
+440.5000E-06,+1.8750000000E+00,+1.8125000000E+00
+441.0000E-06,+1.9062500000E+00,+1.8437500000E+00
+441.5000E-06,+1.8437500000E+00,+1.8125000000E+00
+442.0000E-06,+1.8750000000E+00,+1.8437500000E+00
+442.5000E-06,+1.8437500000E+00,+1.8437500000E+00
+443.0000E-06,+1.8750000000E+00,+1.8437500000E+00
+443.5000E-06,+1.8437500000E+00,+1.8437500000E+00
+444.0000E-06,+1.9062500000E+00,+1.8125000000E+00
+444.5000E-06,+1.8750000000E+00,+1.8125000000E+00
+445.0000E-06,+1.8750000000E+00,+1.8437500000E+00
+445.5000E-06,+1.8750000000E+00,+1.8125000000E+00
+446.0000E-06,+1.8750000000E+00,+1.8125000000E+00
+446.5000E-06,+1.8750000000E+00,+1.8125000000E+00
+447.0000E-06,+1.9062500000E+00,+1.8437500000E+00
+447.5000E-06,+1.8750000000E+00,+1.8125000000E+00
+448.0000E-06,+1.8437500000E+00,+1.8437500000E+00
+448.5000E-06,-125.0000000E-03,+1.7812500000E+00
+449.0000E-06,-125.0000000E-03,+1.8125000000E+00
+449.5000E-06,-93.7500000E-03,+1.8125000000E+00
+450.0000E-06,-93.7500000E-03,+1.8750000000E+00
+450.5000E-06,-125.0000000E-03,-31.2500000E-03
+451.0000E-06,-93.7500000E-03,-31.2500000E-03
+451.5000E-06,-156.2500000E-03,-31.2500000E-03
+452.0000E-06,-125.0000000E-03,-31.2500000E-03
+452.5000E-06,-93.7500000E-03,-0.0E+00
+453.0000E-06,-93.7500000E-03,-31.2500000E-03
+453.5000E-06,-93.7500000E-03,-31.2500000E-03
+454.0000E-06,-125.0000000E-03,-31.2500000E-03
+454.5000E-06,-125.0000000E-03,-31.2500000E-03
+455.0000E-06,-125.0000000E-03,-31.2500000E-03
+455.5000E-06,-93.7500000E-03,-31.2500000E-03
+456.0000E-06,-93.7500000E-03,-31.2500000E-03
+456.5000E-06,-62.5000000E-03,-31.2500000E-03
+457.0000E-06,-125.0000000E-03,+0.0E+00
+457.5000E-06,-125.0000000E-03,+0.0E+00
+458.0000E-06,-93.7500000E-03,-0.0E+00
+458.5000E-06,-93.7500000E-03,-62.5000000E-03
+459.0000E-06,-93.7500000E-03,-31.2500000E-03
+459.5000E-06,-93.7500000E-03,-0.0E+00
+460.0000E-06,-93.7500000E-03,-31.2500000E-03
+460.5000E-06,-62.5000000E-03,-31.2500000E-03
+461.0000E-06,-93.7500000E-03,-0.0E+00
+461.5000E-06,-93.7500000E-03,-31.2500000E-03
+462.0000E-06,-93.7500000E-03,+0.0E+00
+462.5000E-06,-93.7500000E-03,-0.0E+00
+463.0000E-06,-93.7500000E-03,-31.2500000E-03
+463.5000E-06,-93.7500000E-03,+0.0E+00
+464.0000E-06,-62.5000000E-03,+0.0E+00
+464.5000E-06,-125.0000000E-03,-0.0E+00
+465.0000E-06,-93.7500000E-03,-31.2500000E-03
+465.5000E-06,-125.0000000E-03,-31.2500000E-03
+466.0000E-06,-62.5000000E-03,-31.2500000E-03
+466.5000E-06,-125.0000000E-03,+31.2500000E-03
+467.0000E-06,-62.5000000E-03,-31.2500000E-03
+467.5000E-06,-93.7500000E-03,+31.2500000E-03
+468.0000E-06,-93.7500000E-03,+0.0E+00
+468.5000E-06,+1.9062500000E+00,-0.0E+00
+469.0000E-06,+1.9062500000E+00,-31.2500000E-03
+469.5000E-06,+1.9375000000E+00,-0.0E+00
+470.0000E-06,+1.9375000000E+00,-31.2500000E-03
+470.5000E-06,+1.9062500000E+00,+1.8750000000E+00
+471.0000E-06,+1.9062500000E+00,+1.8437500000E+00
+471.5000E-06,+1.9375000000E+00,+1.8437500000E+00
+472.0000E-06,+1.9062500000E+00,+1.8750000000E+00
+472.5000E-06,+1.9062500000E+00,+1.8125000000E+00
+473.0000E-06,+1.9062500000E+00,+1.9062500000E+00
+473.5000E-06,+1.9062500000E+00,+1.8437500000E+00
+474.0000E-06,+1.9062500000E+00,+1.8750000000E+00
+474.5000E-06,+1.9375000000E+00,+1.8437500000E+00
+475.0000E-06,+1.8750000000E+00,+1.8750000000E+00
+475.5000E-06,+1.9062500000E+00,+1.8437500000E+00
+476.0000E-06,+1.9375000000E+00,+1.8750000000E+00
+476.5000E-06,+1.9062500000E+00,+1.8437500000E+00
+477.0000E-06,+1.9375000000E+00,+1.8437500000E+00
+477.5000E-06,+1.9062500000E+00,+1.8437500000E+00
+478.0000E-06,+1.9375000000E+00,+1.8750000000E+00
+478.5000E-06,+1.9062500000E+00,+1.8125000000E+00
+479.0000E-06,+1.9062500000E+00,+1.8750000000E+00
+479.5000E-06,+1.9062500000E+00,+1.8437500000E+00
+480.0000E-06,+1.9062500000E+00,+1.8437500000E+00
+480.5000E-06,+1.8750000000E+00,+1.8437500000E+00
+481.0000E-06,+1.9062500000E+00,+1.8125000000E+00
+481.5000E-06,+1.9062500000E+00,+1.8437500000E+00
+482.0000E-06,+1.9062500000E+00,+1.8125000000E+00
+482.5000E-06,+1.9375000000E+00,+1.8437500000E+00
+483.0000E-06,+1.9062500000E+00,+1.8125000000E+00
+483.5000E-06,+1.8437500000E+00,+1.8125000000E+00
+484.0000E-06,+1.9062500000E+00,+1.8125000000E+00
+484.5000E-06,+1.9062500000E+00,+1.8125000000E+00
+485.0000E-06,+1.9062500000E+00,+1.8437500000E+00
+485.5000E-06,+1.9375000000E+00,+1.8125000000E+00
+486.0000E-06,+1.8750000000E+00,+1.8437500000E+00
+486.5000E-06,+1.9062500000E+00,+1.8125000000E+00
+487.0000E-06,+1.8750000000E+00,+1.8437500000E+00
+487.5000E-06,+1.8750000000E+00,+1.8125000000E+00
+488.0000E-06,+1.9062500000E+00,+1.8437500000E+00
+488.5000E-06,-125.0000000E-03,+1.8125000000E+00
+489.0000E-06,-125.0000000E-03,+1.8750000000E+00
+489.5000E-06,-125.0000000E-03,+1.8125000000E+00
+490.0000E-06,-125.0000000E-03,+1.8437500000E+00
+490.5000E-06,-93.7500000E-03,-31.2500000E-03
+491.0000E-06,-62.5000000E-03,-31.2500000E-03
+491.5000E-06,-93.7500000E-03,-93.7500000E-03
+492.0000E-06,-93.7500000E-03,-0.0E+00
+492.5000E-06,-125.0000000E-03,-31.2500000E-03
+493.0000E-06,-125.0000000E-03,-31.2500000E-03
+493.5000E-06,-125.0000000E-03,-31.2500000E-03
+494.0000E-06,-93.7500000E-03,-31.2500000E-03
+494.5000E-06,-125.0000000E-03,-62.5000000E-03
+495.0000E-06,-62.5000000E-03,-0.0E+00
+495.5000E-06,-125.0000000E-03,-31.2500000E-03
+496.0000E-06,-125.0000000E-03,-62.5000000E-03
+496.5000E-06,-93.7500000E-03,-0.0E+00
+497.0000E-06,-93.7500000E-03,-31.2500000E-03
+497.5000E-06,-93.7500000E-03,+31.2500000E-03
+498.0000E-06,-93.7500000E-03,-31.2500000E-03
+498.5000E-06,-93.7500000E-03,-31.2500000E-03
+499.0000E-06,-62.5000000E-03,-31.2500000E-03
+499.5000E-06,-125.0000000E-03,+31.2500000E-03
